16
0 0 1 0 0 0
500 0 1 0 0 0

0 0 0 1 0 0
500 500 0 1 0 0

0 0 0 0 1 0
0 500 0 0 1 0

0 0 1 1 0 0
-500 500 1 1 0 0

0 0 1 0 1 0
-500 0 1 0 1 0

0 0 0 1 1 0
-500 -500 0 1 1 0

0 0 1 1 1 0
0 -500 1 1 1 0

0 0 .2 .7 .4 .1
500 -500 .2 .7 .4 .1

0 0 0 0 1 0
500 250 0 1 0 0

0 0 0 1 0 0
450 900 1 0 0 0

0 0 1 0 0 0
-450 900 0 1 0 0

0 0 1 1 0 0
-500 250 1 1 0 0

0 0 0 1 1 0
-500 -250 1 0 0 1

0 0 0 1 0 1
-450 -900 1 0 1 1

0 0 .3 .2 .1 1
450 -900 .7 .3 .1 0

0 0 .7 .1 .3 .3
500 -250 .4 .9 .2 .1

2

0 750 0 0 1 1
250 1000 0 1 0 0
-250 1000 1 0 0 1 

0 -750 0 1 0 0
250 -1000 1 0 1 0
-250 -1000 0 .2 .8 .5 
